%YAML:1.0
---
CameraExtrinsicMat: !!opencv-matrix
   rows: 4
   cols: 4
   dt: d
   data: [ 1.9948617052493622e-02, 2.5051258793195030e-03,
       9.9979786808235493e-01, 2.0080465778113199e+00,
       -9.9945489871299287e-01, 2.6360216207948706e-02,
       1.9875724894245050e-02, -2.4585336913048997e-02,
       -2.6305096774094483e-02, -9.9964937020227207e-01,
       3.0296101905316064e-03, -1.7549751193733670e-01, 0., 0., 0., 1. ]
CameraMat: !!opencv-matrix
   rows: 3
   cols: 3
   dt: d
   data: [ 5.6109297184125239e+02, 0., 3.0472285371131647e+02, 0.,
       5.5503385550110488e+02, 2.7370580388776483e+02, 0., 0., 1. ]
DistCoeff: !!opencv-matrix
   rows: 1
   cols: 5
   dt: d
   data: [ 3.7769438771916089e-02, 2.6930907091505235e-01,
       1.2695813251961348e-02, -1.7916866787484335e-02,
       -8.0057709722389714e-01 ]
ImageSize: [ 640, 480 ]
ReprojectionError: 2.6350298866490529e-01
